Time: 2024-01-10T13:07:43.149328Z
Time: 2024-01-15T10:56:48.629235Z
