Time: 2024-01-10T12:56:08.086237Z
Time: 2024-01-10T13:01:48.384509Z
Time: 2024-01-10T13:01:52.284236Z
Time: 2024-01-15T10:53:53.996160Z
